t_x: -0.250681
t_y: 0.449572
t_z: -5.42419e-05
t_r: 0.00349848
t_p: -0.00366011
t_w: 3.14159
b_x: -0.00111494
b_y: 0.449597
b_z: 0.000137934
b_r: 0.00297369
b_p: -0.000817561
b_w: 3.14159
c_x: 1.05139
c_y: 0.198079
c_z: 0.299136
c_r: 0.149348
c_p: 0.313142
c_w: 0.199631
t_delta_r: 0.00506318
t_delta_m: 0.000806367
b_delta_r: 0.00308403
b_delta_m: 0.00119348
c_delta_r: 0.00136606
c_delta_m: 0.00335157
rms: 0.3003
