fx: 1500
fy: 1500
cx: 1150
cy: 640
u: 2300
v: 1280
k1: -0.433351
k2: 0.257538
k3: -0.090683
p1: 1150
p2: 0
